ipairs({ { 1, 47 }, { 1, 22 }, { 23, 47 } })
table.unpack({
    157,
    156,
    134,
    221,
    78,
    54,
    4,
    249,
    240,
    146,
    196,
    225,
    32,
    157,
    229,
    66,
    132,
    43,
    208,
    49,
    154,
    185,
    114,
    180,
    47,
    226,
    28,
    214,
    247,
    13,
    235,
    13,
    209,
    105
})
table.unpack({
    68,
    56,
    196,
    164,
    218,
    179,
    128,
    229,
    24,
    13,
    9,
    65,
    211,
    103,
    35,
    228,
    234,
    157,
    182,
    224,
    254,
    253,
    68,
    89,
    204,
    31,
    53,
    30,
    39,
    100,
    193,
    137,
    252,
    12,
    43,
    97,
    63,
    254,
    12,
    250,
    65,
    208,
    15,
    216,
    107,
    16,
    197,
    137,
    101,
    168,
    172,
    44,
    6,
    138,
    190,
    65,
    136,
    242,
    17,
    88,
    68,
    85,
    18,
    111,
    219,
    71,
    230,
    119,
    30,
    157,
    198,
    14,
    193,
    142,
    103,
    43,
    195,
    44,
    22,
    26,
    13,
    89,
    59,
    71,
    176,
    236,
    35,
    60,
    26,
    3
})
table.unpack({
    248,
    184,
    40,
    75,
    209,
    168,
    162,
    211,
    235,
    206,
    207,
    172,
    78,
    139,
    28,
    150,
    244,
    115,
    237,
    100,
    13,
    246,
    202,
    154,
    237,
    50,
    231,
    221,
    34,
    81,
    2,
    183,
    156,
    109,
    190,
    117,
    75,
    122,
    78,
    238,
    2,
    60,
    238,
    232,
    218,
    247,
    230,
    111,
    38,
    231,
    84,
    209,
    153,
    95,
    16,
    253,
    117,
    64,
    95,
    1,
    73,
    143,
    126,
    170,
    109,
    48,
    205,
    132,
    179,
    42,
    191,
    26,
    229,
    74,
    134,
    241,
    191,
    77,
    167,
    195,
    165,
    165,
    92,
    209,
    210,
    134,
    194,
    66,
    20,
    120,
    223,
    181,
    109,
    77,
    122
})
table.unpack({
    15,
    199,
    44,
    4,
    247,
    192,
    207,
    34,
    96,
    3,
    89,
    96,
    54,
    72,
    133,
    194,
    26,
    24,
    2,
    155,
    52,
    137,
    36,
    142,
    131,
    66,
    99,
    34,
    91,
    229,
    47,
    163,
    191,
    132,
    51,
    196,
    114,
    133,
    180,
    243,
    255,
    73,
    109,
    24,
    82,
    125,
    189,
    117,
    222,
    96,
    245,
    237,
    127,
    173,
    2,
    120,
    206
})
table.unpack({
    95,
    109,
    168,
    217,
    255,
    17,
    25,
    76,
    231,
    237,
    197,
    72,
    221,
    169,
    136,
    243,
    68,
    153,
    36,
    218,
    159,
    157,
    67
})
table.unpack({
    154,
    166,
    153,
    193,
    154,
    144,
    122,
    125,
    51,
    76,
    56,
    168,
    148,
    42,
    41,
    108,
    174,
    60,
    10,
    33,
    177,
    65,
    223,
    133,
    38,
    235,
    173,
    54,
    38,
    81,
    206,
    73,
    106,
    123,
    152,
    126,
    18,
    74,
    21,
    195,
    187,
    59,
    229,
    42,
    102,
    35,
    110
})
table.unpack({
    162,
    70,
    212,
    247,
    36,
    58,
    102,
    73,
    223,
    7,
    24,
    190,
    194,
    243,
    96,
    72,
    187,
    115,
    119,
    238,
    87,
    118,
    26,
    129,
    63,
    9,
    96,
    168,
    211,
    89,
    124,
    2,
    140,
    170,
    47,
    44,
    20,
    237,
    127,
    196,
    136,
    32,
    249,
    19,
    211,
    26,
    190,
    136,
    144,
    66,
    189,
    179,
    85,
    158,
    85,
    176,
    238,
    233,
    55,
    231,
    90,
    184,
    24,
    30,
    206,
    141,
    144,
    103,
    16,
    155,
    239,
    59,
    231,
    163,
    143,
    105,
    72,
    111,
    137,
    109,
    17,
    165,
    218,
    170,
    63
})
table.unpack({
    237,
    97,
    176,
    143,
    95,
    219,
    222,
    255,
    71,
    99,
    12,
    213,
    190,
    96,
    250,
    137,
    99,
    155,
    220,
    250,
    22,
    250,
    29,
    203,
    161,
    153,
    97,
    84,
    148,
    177,
    116,
    86,
    116,
    147,
    140,
    50,
    164,
    221,
    63,
    47,
    94
})
table.unpack({
    16,
    253,
    91,
    232,
    136,
    47,
    201,
    58,
    68,
    164,
    123,
    58,
    187,
    180,
    133,
    6,
    139,
    16,
    233,
    54,
    0,
    80,
    184,
    30,
    107,
    228,
    112,
    55,
    183,
    232,
    136,
    246,
    192,
    90,
    107,
    219,
    147,
    56,
    91,
    67,
    57,
    42,
    249,
    157,
    234,
    232,
    226,
    28,
    56,
    3,
    117,
    164,
    200,
    5,
    133,
    50,
    87,
    85,
    166,
    167,
    148,
    91,
    1,
    179,
    79,
    106
})
table.unpack({
    229,
    159,
    80,
    129,
    37,
    177,
    202,
    243,
    162,
    255,
    97,
    3,
    163,
    135,
    220,
    134,
    105,
    109,
    79,
    32,
    58,
    173,
    123,
    47,
    124,
    65,
    165,
    211,
    93,
    88,
    141,
    123,
    227,
    193,
    98,
    158,
    205,
    227,
    240,
    173,
    88,
    174,
    90,
    75,
    77,
    173,
    154,
    59,
    161,
    230,
    204,
    112,
    246,
    240,
    216,
    34,
    123,
    91,
    251,
    136,
    39,
    138,
    64,
    231,
    228,
    152,
    23,
    244,
    111,
    62,
    229,
    211,
    168,
    57,
    48,
    140
})
table.unpack({ 206, 176, 58, 38 })
table.unpack({
    126,
    82,
    151,
    229,
    10,
    15,
    66,
    119,
    149,
    73,
    212,
    50,
    134,
    131,
    156,
    141,
    64,
    78,
    0,
    157,
    162,
    4,
    50,
    107,
    188,
    112,
    59,
    227,
    86,
    195,
    111,
    113,
    6,
    66,
    43,
    241,
    4,
    151,
    28,
    153,
    156,
    65,
    224,
    106,
    90,
    91,
    208,
    144,
    205,
    98,
    142,
    10,
    139,
    184,
    29,
    31,
    233,
    213,
    65,
    205,
    51,
    200,
    34,
    246,
    243,
    195,
    130,
    44,
    96,
    87,
    213,
    119,
    56,
    140,
    53,
    181,
    177,
    70,
    61,
    2,
    200,
    253,
    221,
    0,
    202,
    143,
    13,
    206,
    136,
    253,
    61,
    216,
    227,
    175,
    200,
    101,
    142,
    194,
    49
})

-- Execution Error:
-- attempt to index function with 'task'
