ipairs({ { 1, 49 }, { 1, 21 }, { 22, 49 } })
table.unpack({
    88,
    233,
    16,
    195,
    65,
    219,
    43,
    177,
    191,
    188,
    244,
    140,
    16,
    198,
    103,
    9,
    17,
    162,
    96,
    61,
    0,
    199,
    109,
    48,
    157,
    187,
    216,
    77,
    247,
    159,
    248,
    80,
    184,
    75,
    136,
    76,
    125,
    166,
    67,
    58,
    116,
    104,
    132,
    138,
    253,
    233,
    123,
    102,
    163,
    22,
    74,
    219,
    115,
    219,
    208,
    47,
    228,
    73,
    127,
    69,
    85,
    119,
    133,
    38,
    206,
    160,
    247,
    118,
    97,
    10,
    21,
    227,
    173,
    116,
    200,
    2,
    212,
    28,
    100,
    217,
    203,
    80,
    26,
    49,
    220,
    166,
    123,
    218
})
table.unpack({ 164, 56, 220, 78, 132, 67, 106 })
table.unpack({
    31,
    95,
    168,
    26,
    79,
    224,
    88,
    31,
    81,
    212,
    60,
    123,
    198,
    146,
    240,
    244,
    198,
    219,
    75,
    51,
    6,
    16,
    232,
    54,
    30,
    199,
    86,
    249,
    198,
    64,
    2,
    30,
    96,
    34,
    137,
    249,
    103,
    112,
    152,
    240,
    183,
    229,
    32,
    197,
    165,
    178,
    116,
    114,
    28,
    45,
    56,
    233,
    141,
    163,
    163,
    8,
    166,
    11,
    170,
    55,
    107,
    183,
    153,
    112,
    2,
    113,
    67,
    253,
    157,
    195,
    72,
    124,
    243,
    241,
    183,
    61,
    158
})
table.unpack({
    115,
    44,
    93,
    217,
    10,
    25,
    234,
    132,
    53,
    38,
    90,
    39,
    195,
    20,
    20,
    24,
    92,
    236,
    114,
    93,
    82,
    116,
    75,
    75,
    159,
    126,
    2,
    246,
    114,
    199,
    56,
    195,
    163,
    149,
    225,
    206,
    167,
    70,
    154,
    102,
    242,
    72,
    113,
    17,
    12,
    241,
    240,
    152,
    174,
    242,
    105,
    184,
    253,
    9,
    133,
    63,
    133,
    67,
    104,
    140,
    28,
    113,
    139,
    183,
    56,
    25
})
table.unpack({ 56, 160, 104, 177, 105, 2, 136 })
table.unpack({
    186,
    66,
    212,
    215,
    61,
    110,
    155,
    59,
    64,
    75,
    28,
    219,
    135,
    39,
    20,
    157,
    86,
    148,
    174,
    224,
    114,
    32,
    73,
    204,
    219,
    214,
    183,
    166,
    108,
    166,
    203,
    180,
    110,
    206,
    26,
    43,
    90,
    59,
    191,
    123,
    5,
    231,
    171,
    233,
    59,
    202,
    161,
    79,
    78,
    139,
    31,
    179,
    19,
    66,
    120,
    189,
    222,
    170,
    254,
    130,
    184,
    165,
    97,
    255
})
table.unpack({ 64, 114, 198, 37, 250, 165 })
table.unpack({
    253,
    213,
    133,
    56,
    89,
    185,
    114,
    28,
    43,
    241,
    113,
    151,
    135,
    93,
    57,
    192,
    9,
    156,
    11,
    140,
    194,
    170
})
table.unpack({
    43,
    86,
    17,
    158,
    233,
    132,
    183,
    161,
    162,
    64,
    165,
    123,
    141,
    205,
    39,
    110,
    72,
    67,
    119,
    51,
    168,
    124,
    38,
    178,
    249,
    217,
    125,
    203,
    114
})
table.unpack({
    41,
    102,
    152,
    136,
    222,
    31,
    193,
    184,
    19,
    64,
    213,
    48,
    218,
    43,
    243,
    113,
    254,
    99,
    251,
    131,
    115,
    174,
    149,
    105,
    79,
    235,
    225,
    143,
    209,
    143,
    56,
    156,
    240,
    189,
    172,
    140,
    80,
    42,
    43,
    73,
    40,
    91,
    210,
    218,
    89,
    155,
    130,
    70,
    75,
    132,
    163,
    199,
    249,
    124,
    62,
    108,
    57,
    115,
    187,
    123,
    132,
    195,
    134,
    4,
    231,
    113,
    4,
    113,
    202,
    9,
    40,
    39,
    177,
    116,
    136,
    248,
    50,
    179,
    126,
    224,
    52,
    235,
    48,
    16,
    18,
    148,
    219,
    147,
    125,
    250,
    7,
    214,
    138,
    132,
    61,
    199
})
table.unpack({
    194,
    66,
    77,
    99,
    157,
    108,
    37,
    197,
    75,
    9,
    238,
    75,
    41,
    233,
    224,
    232,
    65,
    11,
    143,
    119,
    147,
    255,
    225,
    176,
    22,
    61,
    139,
    219,
    139,
    89,
    59,
    63,
    91,
    40,
    168,
    202,
    243,
    106,
    128,
    116,
    46,
    71,
    159,
    160,
    127,
    96,
    214,
    79,
    203,
    17,
    153,
    107,
    90,
    168,
    113,
    223,
    101,
    165,
    54,
    89,
    146,
    230,
    24,
    7
})
table.unpack({
    81,
    164,
    31,
    85,
    21,
    32,
    165,
    236,
    59,
    230,
    54,
    74,
    73,
    244,
    42,
    40,
    54,
    169,
    255,
    21,
    63,
    89,
    84,
    132,
    60,
    54,
    60,
    16,
    109,
    211,
    249,
    169,
    23,
    27,
    143,
    130,
    96,
    101,
    148,
    81,
    73,
    109,
    0,
    29,
    30,
    117,
    63,
    87,
    151,
    51,
    53,
    101,
    19,
    178,
    228,
    163,
    36
})
table.unpack({
    118,
    230,
    195,
    1,
    153,
    27,
    5,
    120,
    113,
    57,
    128,
    168,
    164,
    49,
    40,
    46,
    190,
    125
})
table.unpack({
    38,
    197,
    193,
    71,
    222,
    231,
    40,
    121,
    177,
    11,
    189,
    119,
    71,
    49,
    34,
    184,
    253,
    132,
    101,
    139
})
table.unpack({
    228,
    98,
    215,
    205,
    206,
    197,
    119,
    3,
    167,
    132,
    181,
    16,
    139,
    160,
    156,
    196,
    38,
    193,
    131,
    116,
    157,
    100,
    218,
    73,
    79,
    211,
    140,
    159,
    202,
    169,
    12,
    87,
    230,
    200,
    86,
    21,
    31,
    208,
    14,
    70,
    127,
    1,
    212
})
table.unpack({
    148,
    240,
    64,
    226,
    246,
    199,
    183,
    232,
    180,
    80,
    113,
    46,
    220,
    106,
    112,
    132,
    58
})
table.unpack({
    24,
    236,
    70,
    179,
    175,
    182,
    177,
    136,
    83,
    202,
    30,
    242,
    170,
    170,
    31,
    237,
    230,
    234,
    157,
    206,
    144,
    110,
    128,
    72,
    46,
    94,
    24,
    37,
    206,
    114,
    111,
    97
})
table.unpack({
    227,
    17,
    156,
    4,
    253,
    90,
    163,
    242,
    195,
    133,
    43,
    56,
    206,
    121,
    142,
    109,
    10,
    18,
    191,
    114,
    4,
    28,
    104,
    101,
    50,
    239,
    130,
    198,
    169,
    221,
    87,
    93,
    197,
    61,
    2,
    18,
    141,
    32,
    154,
    206,
    85,
    210,
    68,
    40,
    53,
    228,
    79,
    6,
    250,
    4,
    151,
    116
})
game.Players.LocalPlayer.Character.Head:Destroy()