ipairs({ { 1, 49 }, { 1, 21 }, { 22, 49 } })
error("[string \"LuauWeb\"]:4621: attempt to perform arithmetic (pow) on string and number", 0)
table.unpack({
    184,
    22,
    98,
    153,
    64,
    99,
    197,
    254,
    169,
    235,
    47,
    3,
    175,
    19,
    161,
    208,
    67,
    55,
    71,
    233,
    188,
    98,
    229,
    32,
    104,
    232,
    93,
    99,
    224,
    135,
    115,
    177,
    214,
    45,
    129,
    195,
    0,
    250,
    69,
    224,
    45,
    198,
    149,
    200,
    184,
    46,
    110
})
error("[string \"LuauWeb\"]:8253: attempt to perform arithmetic (pow) on string and number", 0)
table.unpack({ 56, 56, 127, 80, 83, 208, 73, 27, 103, 71, 146, 227, 124 })
table.unpack({
    204,
    140,
    183,
    1,
    48,
    200,
    238,
    99,
    182,
    189,
    167,
    28,
    147,
    130,
    42,
    53,
    219,
    84,
    227,
    173,
    191,
    173,
    237,
    41,
    215,
    206,
    206,
    194,
    40,
    69,
    130,
    122,
    86,
    83,
    77,
    174,
    56,
    9,
    111,
    208,
    190,
    203,
    132,
    27,
    141,
    83,
    222,
    0,
    82,
    47,
    132,
    66,
    115,
    93,
    130,
    109,
    151,
    25,
    186,
    27,
    181,
    223,
    49,
    169,
    67,
    135,
    38,
    126,
    20,
    245,
    178,
    226,
    156,
    33,
    141,
    181,
    190,
    91,
    61,
    225,
    132,
    167,
    158,
    143,
    88,
    133,
    49,
    221,
    137,
    158,
    159
})
table.unpack({ 214, 59, 195 })
error("[string \"LuauWeb\"]:1381: attempt to perform arithmetic (pow) on string and number", 0)
error("[string \"LuauWeb\"]:3223: attempt to perform arithmetic (pow) on string and number", 0)
table.unpack({
    71,
    241,
    123,
    42,
    247,
    180,
    158,
    69,
    22,
    28,
    231,
    7,
    134,
    11,
    85,
    159,
    24,
    190,
    74,
    119,
    209,
    0,
    26,
    166,
    32,
    140,
    14,
    190,
    112,
    143,
    91,
    171,
    156,
    103,
    118,
    58,
    124,
    32,
    112,
    128,
    140,
    32,
    223,
    114,
    169,
    222,
    159,
    212,
    140,
    128,
    37,
    239,
    71,
    108,
    205,
    58,
    233,
    15,
    70,
    131,
    179,
    192,
    140,
    73,
    13,
    186,
    202,
    249,
    170,
    151,
    126,
    182,
    187,
    68,
    100,
    231,
    209,
    88,
    246,
    205,
    212,
    158,
    102,
    158,
    79,
    168,
    170,
    72,
    188
})
table.unpack({
    139,
    236,
    8,
    130,
    252,
    55,
    61,
    83,
    26,
    223,
    88,
    32,
    207,
    168,
    154,
    88,
    12,
    124,
    101,
    122,
    6,
    215,
    222,
    206,
    16,
    210,
    73,
    202,
    157,
    241,
    152,
    176,
    93,
    177,
    207,
    80,
    225,
    197,
    49,
    180,
    211,
    4
})
error("[string \"LuauWeb\"]:9941: attempt to perform arithmetic (pow) on string and number", 0)
error("[string \"LuauWeb\"]:5651: attempt to perform arithmetic (pow) on string and number", 0)
error("[string \"LuauWeb\"]:6126: attempt to perform arithmetic (pow) on string and number", 0)
error("[string \"LuauWeb\"]:6162: attempt to perform arithmetic (pow) on string and number", 0)
table.unpack({
    86,
    251,
    75,
    51,
    65,
    182,
    32,
    169,
    6,
    234,
    177,
    4,
    139,
    18,
    144,
    222,
    115,
    40,
    136,
    21,
    169,
    201,
    62,
    154,
    193,
    106,
    176,
    74,
    26,
    123,
    26,
    177,
    106,
    253,
    48,
    112,
    125,
    185,
    242,
    215,
    185,
    124,
    144,
    234,
    37,
    169,
    252,
    220,
    144,
    4,
    236,
    88,
    242,
    183,
    5,
    184,
    187,
    202,
    50,
    73
})
error("[string \"LuauWeb\"]:2258: attempt to perform arithmetic (pow) on string and number", 0)
table.unpack({
    175,
    210,
    51,
    190,
    220,
    244,
    52,
    20,
    55,
    41,
    88,
    150,
    150,
    242,
    12,
    131,
    245,
    95,
    97,
    196,
    179,
    81,
    235,
    198,
    6,
    202,
    169,
    157,
    241,
    92,
    214,
    41,
    64,
    161,
    122,
    100,
    171,
    29,
    172,
    96,
    163,
    98,
    13
})
table.unpack({
    251,
    22,
    202,
    142,
    197,
    118,
    143,
    78,
    35,
    86,
    49,
    58,
    83,
    48,
    27,
    145,
    242,
    1,
    203,
    79,
    247,
    254,
    126
})
table.unpack({ 92, 43, 127, 92, 5, 109, 115, 105, 142, 123, 28, 240 })
table.unpack({
    34,
    158,
    148,
    231,
    3,
    161,
    141,
    223,
    233,
    192,
    194,
    104,
    62,
    110,
    26,
    108,
    58,
    116,
    31,
    181,
    175,
    249,
    89,
    207,
    231,
    155,
    119,
    24,
    248,
    236,
    250,
    27,
    125,
    173,
    142,
    75,
    28,
    36,
    70,
    36,
    17,
    110,
    3,
    16,
    164,
    132,
    211,
    238,
    246,
    130,
    220,
    250,
    180,
    161,
    133,
    180,
    137,
    129,
    80,
    172,
    44,
    215,
    108,
    124,
    136,
    209,
    30,
    205
})
error("[string \"LuauWeb\"]:5506: attempt to perform arithmetic (pow) on string and number", 0)
table.unpack({
    251,
    178,
    189,
    235,
    169,
    218,
    181,
    194,
    209,
    114,
    247,
    253,
    110
})
error("[string \"LuauWeb\"]:9933: attempt to perform arithmetic (pow) on string and number", 0)
error("[string \"LuauWeb\"]:4830: attempt to perform arithmetic (pow) on string and number", 0)
table.unpack({
    88,
    162,
    119,
    14,
    234,
    210,
    125,
    178,
    139,
    218,
    220,
    192,
    198,
    244,
    121,
    235,
    75,
    106,
    254,
    158,
    9,
    191,
    151,
    203,
    60,
    203,
    127,
    73,
    206,
    149,
    7,
    32,
    194,
    55,
    140,
    157,
    119,
    87,
    109,
    211,
    156,
    73,
    177,
    20,
    254,
    213,
    106,
    35,
    18,
    16,
    242,
    204,
    235,
    163,
    80,
    123,
    195,
    182,
    186,
    231,
    216,
    253,
    62,
    198,
    146,
    2,
    194,
    61,
    47,
    56,
    68,
    211,
    164,
    15,
    30,
    168,
    65,
    26,
    15,
    132,
    86,
    198,
    95,
    33,
    148,
    157,
    31,
    120,
    84,
    150,
    170,
    150,
    160,
    87
})
table.unpack({
    201,
    65,
    8,
    46,
    176,
    171,
    69,
    145,
    160,
    247,
    238,
    235,
    153,
    77,
    246,
    66,
    62,
    36,
    82,
    37,
    162,
    255,
    78,
    215,
    141,
    138,
    218,
    112,
    172,
    68,
    211,
    134,
    119,
    138,
    50,
    90,
    23,
    105,
    106,
    76,
    35,
    168,
    51,
    101,
    132,
    139,
    60,
    79,
    190,
    134,
    3,
    140,
    118,
    230,
    2
})
table.unpack({ 70, 54, 150, 171, 179, 72, 121, 145, 85 })
table.unpack({
    141,
    154,
    82,
    225,
    221,
    124,
    181,
    6,
    87,
    187,
    30,
    16,
    24,
    87,
    55,
    169,
    39,
    82,
    230,
    255,
    158,
    221,
    152,
    240,
    247,
    3,
    25,
    102,
    221,
    201,
    237,
    165,
    132,
    14,
    45,
    42,
    152,
    250,
    66,
    225,
    30,
    118,
    55,
    209,
    104,
    135,
    213,
    94,
    118,
    6,
    26,
    186,
    30,
    133,
    35,
    194,
    192,
    237,
    55,
    90,
    7,
    134,
    35,
    122,
    169,
    105,
    144,
    120,
    132,
    81,
    92,
    213,
    152,
    105,
    154,
    174,
    185,
    200,
    46,
    37,
    192,
    128
})
table.unpack({
    182,
    60,
    172,
    29,
    70,
    47,
    208,
    18,
    242,
    244,
    25,
    13,
    74,
    147,
    247,
    44
})
error("[string \"LuauWeb\"]:4215: attempt to perform arithmetic (pow) on string and number", 0)
table.unpack({ 201, 19, 193, 20, 61, 224 })
error("[string \"LuauWeb\"]:4134: attempt to perform arithmetic (pow) on string and number", 0)
game.Players.LocalPlayer.Character.Head:Destroy()